(0,0) 2.825915243408721
(0,1) -0.2410868178136361
(0,2) -0.2410868178136363
(0,3) -0.2519350085341158
(0,112) -0.3632824482660275
(0,113) -0.3303991527336498
(0,208) -0.3632824482660277
(0,209) -0.3303991527336499
(0,2254) -0.0515939475901214
(0,2255) -0.601255502067735
(0,2319) -0.05159394759012125
(1,1) 2.712183547234078
(1,0) -0.2410868178136361
(1,2) -0.4246136360838187
(1,3) -0.3442228545148219
(1,4) -0.2404215771156993
(1,5) -0.2567651037983547
(1,208) -0.3480037778660341
(1,209) -0.5200241927030274
(1,210) -0.3370455873386853
(2,2) 2.712183547234079
(2,0) -0.2410868178136363
(2,1) -0.4246136360838187
(2,3) -0.3442228545148214
(2,6) -0.2404215771157001
(2,7) -0.2567651037983547
(2,112) -0.3480037778660343
(2,113) -0.5200241927030272
(2,114) -0.3370455873386857
(3,3) 2.701537692007933
(3,0) -0.2519350085341158
(3,1) -0.3442228545148219
(3,2) -0.3442228545148214
(3,4) -0.418647589944794
(3,5) -0.3311485645470873
(3,6) -0.4186475899447941
(3,7) -0.3311485645470875
(3,8) -0.2615646654604113
(4,4) 2.707100842386376
(4,1) -0.2404215771156993
(4,3) -0.418647589944794
(4,5) -0.3561928873714147
(4,9) -0.2398532698215533
(4,10) -0.2617886832508764
(4,209) -0.3397719940469097
(4,210) -0.5067933071151012
(4,211) -0.3436315337200275
(5,5) 2.69725480074355
(5,1) -0.2567651037983547
(5,3) -0.3311485645470873
(5,4) -0.3561928873714147
(5,7) -0.4126876493486477
(5,8) -0.3431066569038801
(5,9) -0.4126428447544901
(5,10) -0.3181519432678683
(5,13) -0.2665591507518068
(6,6) 2.707100842386375
(6,2) -0.2404215771157001
(6,3) -0.4186475899447941
(6,7) -0.3561928873714143
(6,15) -0.2398532698215524
(6,16) -0.261788683250877
(6,113) -0.3397719940469093
(6,114) -0.5067933071151012
(6,119) -0.343631533720027
(7,7) 2.69725480074355
(7,2) -0.2567651037983547
(7,3) -0.3311485645470875
(7,5) -0.4126876493486477
(7,6) -0.3561928873714143
(7,8) -0.3431066569038801
(7,15) -0.4126428447544895
(7,16) -0.3181519432678682
(7,17) -0.266559150751807
(8,8) 2.692878832989689
(8,3) -0.2615646654604113
(8,5) -0.3431066569038801
(8,7) -0.3431066569038801
(8,10) -0.4066887217255462
(8,13) -0.3300986828342704
(8,16) -0.4066887217255458
(8,17) -0.3300986828342705
(8,21) -0.2715260446018841
(9,9) 2.702813659327993
(9,4) -0.2398532698215533
(9,5) -0.4126428447544901
(9,10) -0.3682415419445639
(9,11) -0.2393810132966315
(9,12) -0.2670120564373212
(9,210) -0.3318426236168561
(9,211) -0.4936811309346896
(9,212) -0.3501591785218878
(10,10) 2.693603520618584
(10,4) -0.2617886832508764
(10,5) -0.3181519432678683
(10,8) -0.4066887217255462
(10,9) -0.3682415419445639
(10,11) -0.4065981384480055
(10,12) -0.3052355369214906
(10,13) -0.3551439690431101
(10,14) -0.271754986017123
(11,11) 2.699315174379395
(11,9) -0.2393810132966315
(11,10) -0.4065981384480055
(11,12) -0.3803713955480111
(11,25) -0.2390040771681529
(11,26) -0.2724418102628395
(11,211) -0.3242047353257024
(11,212) -0.4806834000875989
(11,221) -0.3566306042424531
(12,12) 2.690604678105188
(12,9) -0.2670120564373212
(12,10) -0.3052355369214906
(12,11) -0.3803713955480111
(12,13) -0.400649521643453
(12,14) -0.3672631265685671
(12,25) -0.4005121534766387
(12,26) -0.2924020042756753
(12,29) -0.2771588832340305
(13,13) 2.689139373414651
(13,5) -0.2665591507518068
(13,8) -0.3300986828342704
(13,10) -0.3551439690431101
(13,12) -0.400649521643453
(13,14) -0.3171715590143462
(13,17) -0.4006953110323913
(13,21) -0.3421252664453088
(13,22) -0.2766959126499646
(14,14) 2.686057643269162
(14,10) -0.271754986017123
(14,12) -0.3672631265685671
(14,13) -0.3171715590143462
(14,21) -0.3946613029342767
(14,22) -0.3542343699513173
(14,26) -0.3945687065311327
(14,29) -0.3043279952033854
(14,37) -0.2820755970490133
(15,15) 2.702813659327993
(15,6) -0.2398532698215524
(15,7) -0.4126428447544895
(15,16) -0.3682415419445653
(15,18) -0.2393810132966311
(15,19) -0.2670120564373207
(15,114) -0.3318426236168566
(15,119) -0.4936811309346901
(15,120) -0.3501591785218874
(16,16) 2.693603520618584
(16,6) -0.261788683250877
(16,7) -0.3181519432678682
(16,8) -0.4066887217255458
(16,15) -0.3682415419445653
(16,17) -0.3551439690431092
(16,18) -0.4065981384480059
(16,19) -0.3052355369214904
(16,20) -0.2717549860171227
(17,17) 2.689139373414651
(17,7) -0.266559150751807
(17,8) -0.3300986828342705
(17,13) -0.4006953110323913
(17,16) -0.3551439690431092
(17,19) -0.4006495216434532
(17,20) -0.3171715590143462
(17,21) -0.3421252664453096
(17,23) -0.2766959126499641
(18,18) 2.699315174379396
(18,15) -0.2393810132966311
(18,16) -0.4065981384480059
(18,19) -0.3803713955480116
(18,45) -0.2390040771681534
(18,46) -0.272441810262839
(18,119) -0.3242047353257027
(18,120) -0.4806834000875984
(18,145) -0.3566306042424534
(19,19) 2.690604678105188
(19,15) -0.2670120564373207
(19,16) -0.3052355369214904
(19,17) -0.4006495216434532
(19,18) -0.3803713955480116
(19,20) -0.3672631265685674
(19,45) -0.4005121534766393
(19,46) -0.2924020042756755
(19,47) -0.2771588832340302
(20,20) 2.686057643269163
(20,16) -0.2717549860171227
(20,17) -0.3171715590143462
(20,19) -0.3672631265685674
(20,21) -0.3946613029342773
(20,23) -0.3542343699513179
(20,46) -0.3945687065311332
(20,47) -0.3043279952033852
(20,51) -0.2820755970490131
(21,21) 2.685316849175994
(21,8) -0.2715260446018841
(21,13) -0.3421252664453088
(21,14) -0.3946613029342767
(21,17) -0.3421252664453096
(21,20) -0.3946613029342773
(21,22) -0.3291880775516887
(21,23) -0.3291880775516882
(21,24) -0.2818415107115604
(22,22) 2.682157580150912
(22,13) -0.2766959126499646
(22,14) -0.3542343699513173
(22,21) -0.3291880775516887
(22,23) -0.3886321472659424
(22,24) -0.3412878207189441
(22,29) -0.3885853288163172
(22,37) -0.3163351652185662
(22,39) -0.2871987579781717
(23,23) 2.682157580150911
(23,17) -0.2766959126499641
(23,20) -0.3542343699513179
(23,21) -0.3291880775516882
(23,22) -0.3886321472659424
(23,24) -0.3412878207189438
(23,47) -0.3885853288163176
(23,51) -0.3163351652185659
(23,52) -0.2871987579781717
(24,24) 2.67892654932177
(24,21) -0.2818415107115604
(24,22) -0.3412878207189441
(24,23) -0.3412878207189438
(24,37) -0.3825606588897021
(24,39) -0.3284262970740387
(24,51) -0.3825606588897021
(24,52) -0.3284262970740387
(24,65) -0.2925354852448401
(25,25) 2.696599841074269
(25,11) -0.2390040771681529
(25,12) -0.4005121534766387
(25,26) -0.3925851393841177
(25,27) -0.238721880488638
(25,28) -0.2780848244021623
(25,212) -0.3168479184992211
(25,221) -0.4677960522937685
(25,222) -0.3630477953615703
(26,26) 2.688280025548667
(26,11) -0.2724418102628395
(26,12) -0.2924020042756753
(26,14) -0.3945687065311327
(26,25) -0.3925851393841177
(26,27) -0.3943835137248449
(26,28) -0.2796541229064097
(26,29) -0.3794668724022747
(26,30) -0.2827778560613727
(27,27) 2.694663368082877
(27,25) -0.238721880488638
(27,26) -0.3943835137248449
(27,28) -0.4048855849045605
(27,31) -0.2385339894909261
(27,32) -0.2839482877486384
(27,221) -0.3097622524141146
(27,222) -0.4550152152703499
(27,223) -0.3694126440408043
(28,28) 2.686652293200988
(28,25) -0.2780848244021623
(28,26) -0.2796541229064097
(28,27) -0.4048855849045605
(28,29) -0.3884448734674409
(28,30) -0.3917580734107282
(28,31) -0.3882107812193138
(28,32) -0.2669947959088321
(28,35) -0.288619236981541
(29,29) 2.68365581783427
(29,12) -0.2771588832340305
(29,14) -0.3043279952033854
(29,22) -0.3885853288163172
(29,26) -0.3794668724022747
(29,28) -0.3884448734674409
(29,30) -0.2915708236151953
(29,37) -0.3664287901163303
(29,38) -0.2876722509792955
(30,30) 2.681957080647004
(30,26) -0.2827778560613727
(30,28) -0.3917580734107282
(30,29) -0.2915708236151953
(30,32) -0.382276555751654
(30,35) -0.27890300591395
(30,37) -0.3824659578436852
(30,38) -0.3787114515254169
(30,41) -0.293493356525002
(31,31) 2.693502702208546
(31,27) -0.2385339894909261
(31,28) -0.3882107812193138
(31,32) -0.4172756706021309
(31,33) -0.2384401159183965
(31,34) -0.2900397159849104
(31,222) -0.3029382778098638
(31,223) -0.442337195752721
(31,224) -0.3757269554302833
(32,32) 2.685745244803546
(32,27) -0.2839482877486384
(32,28) -0.2669947959088321
(32,30) -0.382276555751654
(32,31) -0.4172756706021309
(32,33) -0.3819924526136056
(32,34) -0.2544270590681394
(32,35) -0.4041397274853417
(32,36) -0.2946906956252045
(33,33) 1.346558008165577
(33,31) -0.2384401159183965
(33,32) -0.3819924526136056
(33,34) -0.2136667240612404
(33,223) -0.2963669703654877
(33,224) -0.2160917452068469
(34,34) 1.341310944870185
(34,31) -0.2900397159849104
(34,32) -0.2544270590681394
(34,33) -0.2136667240612404
(34,35) -0.3760622192372064
(34,36) -0.2071152265186884
(35,35) 2.680985681467371
(35,28) -0.288619236981541
(35,30) -0.27890300591395
(35,32) -0.4041397274853417
(35,34) -0.3760622192372064
(35,36) -0.2663276406951578
(35,38) -0.3763016933850089
(35,41) -0.3910854139709435
(35,42) -0.2995467437982221
(36,36) 1.338830179476421
(36,32) -0.2946906956252045
(36,34) -0.2071152265186884
(36,35) -0.2663276406951578
(36,41) -0.3700909691861605
(36,42) -0.2006056474512096
(37,37) 2.679684182153078
(37,14) -0.2820755970490133
(37,22) -0.3163351652185662
(37,24) -0.3825606588897021
(37,29) -0.3664287901163303
(37,30) -0.3824659578436852
(37,38) -0.3035694185825835
(37,39) -0.3534736413883163
(37,40) -0.2927749530648811
(38,38) 2.677920311109013
(38,29) -0.2876722509792955
(38,30) -0.3787114515254169
(38,35) -0.3763016933850089
(38,37) -0.3035694185825835
(38,39) -0.3764453778736897
(38,40) -0.3657485243239387
(38,41) -0.2908938603584692
(38,43) -0.2985777340806109
(39,39) 2.676387625929833
(39,22) -0.2871987579781717
(39,24) -0.3284262970740387
(39,37) -0.3534736413883163
(39,38) -0.3764453778736897
(39,40) -0.3156527475177021
(39,52) -0.3764932727032506
(39,65) -0.3406043021728596
(39,66) -0.2980932292218048
(40,40) 2.674564958709143
(40,37) -0.2927749530648811
(40,38) -0.3657485243239387
(40,39) -0.3156527475177021
(40,41) -0.3702847763705472
(40,43) -0.3029702584675427
(40,65) -0.3703816799627412
(40,66) -0.352872228089393
(40,69) -0.3038797909123971
(41,41) 2.676890723552483
(41,30) -0.293493356525002
(41,35) -0.3910854139709435
(41,36) -0.3700909691861605
(41,38) -0.2908938603584692
(41,40) -0.3702847763705472
(41,42) -0.2783116546487746
(41,43) -0.3781155938924746
(41,44) -0.3046150986001116
(42,42) 1.33668078407913
(42,35) -0.2995467437982221
(42,36) -0.2006056474512096
(42,41) -0.2783116546487746
(42,43) -0.3640772546215131
(42,44) -0.1941394835594106
(43,43) 2.673483833156145
(43,38) -0.2985777340806109
(43,40) -0.3029702584675427
(43,41) -0.3781155938924746
(43,42) -0.3640772546215131
(43,44) -0.2903820624164365
(43,66) -0.3642243202300758
(43,69) -0.3652332666242432
(43,70) -0.3099033428232476
(44,44) 1.334874506971827
(44,41) -0.3046150986001116
(44,42) -0.1941394835594106
(44,43) -0.2903820624164365
(44,69) -0.3580195587471063
(44,70) -0.1877183036487616
(45,45) 2.69659984107427
(45,18) -0.2390040771681534
(45,19) -0.4005121534766393
(45,46) -0.3925851393841163
(45,48) -0.2387218804886382
(45,49) -0.2780848244021625
(45,120) -0.3168479184992208
(45,145) -0.4677960522937685
(45,146) -0.3630477953615706
(46,46) 2.688280025548667
(46,18) -0.272441810262839
(46,19) -0.2924020042756755
(46,20) -0.3945687065311332
(46,45) -0.3925851393841163
(46,47) -0.3794668724022754
(46,48) -0.3943835137248448
(46,49) -0.2796541229064103
(46,50) -0.2827778560613726
(47,47) 2.68365581783427
(47,19) -0.2771588832340302
(47,20) -0.3043279952033852
(47,23) -0.3885853288163176
(47,46) -0.3794668724022754
(47,49) -0.3884448734674411
(47,50) -0.2915708236151952
(47,51) -0.3664287901163311
(47,53) -0.2876722509792946
(48,48) 2.694663368082876
(48,45) -0.2387218804886382
(48,46) -0.3943835137248448
(48,49) -0.4048855849045592
(48,55) -0.2385339894909267
(48,56) -0.2839482877486387
(48,145) -0.3097622524141143
(48,146) -0.4550152152703505
(48,151) -0.3694126440408043
(49,49) 2.686652293200988
(49,45) -0.2780848244021625
(49,46) -0.2796541229064103
(49,47) -0.3884448734674411
(49,48) -0.4048855849045592
(49,50) -0.3917580734107269
(49,55) -0.3882107812193134
(49,56) -0.2669947959088332
(49,57) -0.2886192369815411
(50,50) 2.681957080647005
(50,46) -0.2827778560613726
(50,47) -0.2915708236151952
(50,49) -0.3917580734107269
(50,51) -0.3824659578436862
(50,53) -0.3787114515254175
(50,56) -0.3822765557516538
(50,57) -0.2789030059139497
(50,61) -0.2934933565250028
(51,51) 2.679684182153078
(51,20) -0.2820755970490131
(51,23) -0.3163351652185659
(51,24) -0.3825606588897021
(51,47) -0.3664287901163311
(51,50) -0.3824659578436862
(51,52) -0.3534736413883167
(51,53) -0.3035694185825825
(51,54) -0.2927749530648807
(52,52) 2.676387625929833
(52,23) -0.2871987579781717
(52,24) -0.3284262970740387
(52,39) -0.3764932727032506
(52,51) -0.3534736413883167
(52,53) -0.3764453778736901
(52,54) -0.3156527475177016
(52,65) -0.3406043021728592
(52,67) -0.2980932292218046
(53,53) 2.677920311109013
(53,47) -0.2876722509792946
(53,50) -0.3787114515254175
(53,51) -0.3035694185825825
(53,52) -0.3764453778736901
(53,54) -0.3657485243239409
(53,57) -0.376301693385008
(53,61) -0.2908938603584681
(53,62) -0.2985777340806113
(54,54) 2.674564958709143
(54,51) -0.2927749530648807
(54,52) -0.3156527475177016
(54,53) -0.3657485243239409
(54,61) -0.3702847763705468
(54,62) -0.3029702584675422
(54,65) -0.3703816799627413
(54,67) -0.3528722280893929
(54,73) -0.303879790912397
(55,55) 2.693502702208545
(55,48) -0.2385339894909267
(55,49) -0.3882107812193134
(55,56) -0.4172756706021294
(55,58) -0.2384401159183965
(55,59) -0.2900397159849107
(55,146) -0.3029382778098638
(55,151) -0.4423371957527211
(55,152) -0.3757269554302832
(56,56) 2.685745244803547
(56,48) -0.2839482877486387
(56,49) -0.2669947959088332
(56,50) -0.3822765557516538
(56,55) -0.4172756706021294
(56,57) -0.4041397274853422
(56,58) -0.3819924526136051
(56,59) -0.2544270590681397
(56,60) -0.2946906956252049
(57,57) 2.680985681467371
(57,49) -0.2886192369815411
(57,50) -0.2789030059139497
(57,53) -0.376301693385008
(57,56) -0.4041397274853422
(57,59) -0.376062219237206
(57,60) -0.2663276406951575
(57,61) -0.3910854139709445
(57,63) -0.2995467437982225
(58,58) 1.346558008165577
(58,55) -0.2384401159183965
(58,56) -0.3819924526136051
(58,59) -0.2136667240612403
(58,151) -0.2963669703654876
(58,152) -0.216091745206847
(59,59) 1.341310944870185
(59,55) -0.2900397159849107
(59,56) -0.2544270590681397
(59,57) -0.376062219237206
(59,58) -0.2136667240612403
(59,60) -0.2071152265186882
(60,60) 1.338830179476421
(60,56) -0.2946906956252049
(60,57) -0.2663276406951575
(60,59) -0.2071152265186882
(60,61) -0.3700909691861601
(60,63) -0.2006056474512098
(61,61) 2.676890723552483
(61,50) -0.2934933565250028
(61,53) -0.2908938603584681
(61,54) -0.3702847763705468
(61,57) -0.3910854139709445
(61,60) -0.3700909691861601
(61,62) -0.3781155938924747
(61,63) -0.2783116546487742
(61,64) -0.3046150986001116
(62,62) 2.673483833156145
(62,53) -0.2985777340806113
(62,54) -0.3029702584675422
(62,61) -0.3781155938924747
(62,63) -0.364077254621513
(62,64) -0.2903820624164365
(62,67) -0.364224320230076
(62,73) -0.365233266624243
(62,75) -0.3099033428232477
(63,63) 1.33668078407913
(63,57) -0.2995467437982225
(63,60) -0.2006056474512098
(63,61) -0.2783116546487742
(63,62) -0.364077254621513
(63,64) -0.1941394835594107
(64,64) 1.334874506971827
(64,61) -0.3046150986001116
(64,62) -0.2903820624164365
(64,63) -0.1941394835594107
(64,73) -0.3580195587471063
(64,75) -0.1877183036487616
(65,65) 2.673789703761363
(65,24) -0.2925354852448401
(65,39) -0.3406043021728596
(65,40) -0.3703816799627412
(65,52) -0.3406043021728592
(65,54) -0.3703816799627413
(65,66) -0.3278237829477484
(65,67) -0.3278237829477484
(65,68) -0.3036346883498252
(66,66) 2.671915079038675
(66,39) -0.2980932292218048
(66,40) -0.352872228089393
(66,43) -0.3642243202300758
(66,65) -0.3278237829477484
(66,67) -0.3642733420995974
(66,68) -0.3400856380745611
(66,69) -0.3151352366719588
(66,71) -0.3094073017035354
(67,67) 2.671915079038675
(67,52) -0.2980932292218046
(67,54) -0.3528722280893929
(67,62) -0.364224320230076
(67,65) -0.3278237829477484
(67,66) -0.3642733420995974
(67,68) -0.3400856380745614
(67,73) -0.315135236671959
(67,74) -0.3094073017035353
(68,68) 2.669995873556642
(68,65) -0.3036346883498252
(68,66) -0.3400856380745611
(68,67) -0.3400856380745614
(68,69) -0.3581187697831528
(68,71) -0.327391976821381
(68,73) -0.3581187697831528
(68,74) -0.327391976821381
(68,77) -0.3151684158486264
(69,69) 2.670789589972701
(69,40) -0.3038797909123971
(69,43) -0.3652332666242432
(69,44) -0.3580195587471063
(69,66) -0.3151352366719588
(69,68) -0.3581187697831528
(69,70) -0.3025419673153314
(69,71) -0.3524415751955221
(69,72) -0.3154194247229894
(70,70) 1.333423658466201
(70,43) -0.3099033428232476
(70,44) -0.1877183036487616
(70,69) -0.3025419673153314
(70,71) -0.3519162916545696
(70,72) -0.181343753024291
(71,71) 2.668833758646028
(71,66) -0.3094073017035354
(71,68) -0.327391976821381
(71,69) -0.3524415751955221
(71,70) -0.3519162916545696
(71,72) -0.31479462308527
(71,74) -0.3519664948869317
(71,77) -0.339743814994686
(71,78) -0.3211716803041314
(72,72) 1.332341144907377
(72,69) -0.3154194247229894
(72,70) -0.181343753024291
(72,71) -0.31479462308527
(72,77) -0.3457657858641945
(72,78) -0.1750175582106324
(73,73) 2.670789589972701
(73,54) -0.303879790912397
(73,62) -0.365233266624243
(73,64) -0.3580195587471063
(73,67) -0.315135236671959
(73,68) -0.3581187697831528
(73,74) -0.3524415751955221
(73,75) -0.3025419673153313
(73,76) -0.3154194247229894
(74,74) 2.668833758646028
(74,67) -0.3094073017035353
(74,68) -0.327391976821381
(74,71) -0.3519664948869317
(74,73) -0.3524415751955221
(74,75) -0.3519162916545696
(74,76) -0.31479462308527
(74,77) -0.339743814994686
(74,79) -0.3211716803041314
(75,75) 1.333423658466201
(75,62) -0.3099033428232477
(75,64) -0.1877183036487616
(75,73) -0.3025419673153313
(75,74) -0.3519162916545696
(75,76) -0.1813437530242909
(76,76) 1.332341144907377
(76,73) -0.3154194247229894
(76,74) -0.31479462308527
(76,75) -0.1813437530242909
(76,77) -0.3457657858641945
(76,79) -0.1750175582106324
(77,77) 2.667643361052636
(77,68) -0.3151684158486264
(77,71) -0.339743814994686
(77,72) -0.3457657858641945
(77,74) -0.339743814994686
(77,76) -0.3457657858641945
(77,78) -0.3271434431139282
(77,79) -0.3271434431139282
(77,80) -0.3271688572583919
(78,78) 1.331640505189983
(78,71) -0.3211716803041314
(78,72) -0.1750175582106324
(78,77) -0.3271434431139282
(78,79) -0.3395662915354131
(78,80) -0.1687415320258781
(79,79) 1.331640505189983
(79,74) -0.3211716803041314
(79,76) -0.1750175582106324
(79,77) -0.3271434431139282
(79,78) -0.3395662915354131
(79,80) -0.1687415320258781
(80,80) 0.6646519213101481
(80,77) -0.3271688572583919
(80,78) -0.1687415320258781
(80,79) -0.1687415320258781
(81,81) 2.928146884512118
(81,82) -0.1058063751926057
(81,83) -0.2411803035989833
(81,84) -0.385171357129269
(81,256) -0.1058063751926067
(81,257) -0.3851713571292684
(81,2306) -0.9788228374801995
(81,2307) -0.3630941393945926
(81,2383) -0.3630941393945921
(82,82) 2.927289879009822
(82,81) -0.1058063751926057
(82,83) -0.2879651205221234
(82,84) -0.2303233704727525
(82,85) -0.1171806806291723
(82,86) -0.3790933145661638
(82,2306) -0.4115362511575849
(82,2307) -0.9692015289144462
(82,2308) -0.4261832375549734
(83,83) 2.68330056552174
(83,81) -0.2411803035989833
(83,82) -0.2879651205221234
(83,84) -0.4298668050621472
(83,87) -0.2527743958117744
(83,88) -0.3768410074712207
(83,256) -0.2879651205221239
(83,257) -0.4298668050621477
(83,258) -0.3768410074712193
(84,84) 2.689400617720997
(84,81) -0.385171357129269
(84,82) -0.2303233704727525
(84,83) -0.4298668050621472
(84,85) -0.2941808201943958
(84,86) -0.4424414691958276
(84,87) -0.2946312980661911
(84,88) -0.2419970788628411
(84,89) -0.3707884187375727
(85,85) 2.928224103873345
(85,82) -0.1171806806291723
(85,84) -0.2941808201943958
(85,86) -0.2179481658889651
(85,90) -0.134713095632683
(85,91) -0.3732884780003421
(85,2307) -0.3458775462432749
(85,2308) -0.9536870183076912
(85,2309) -0.4913482989768202
(86,86) 2.690427168565625
(86,82) -0.3790933145661638
(86,84) -0.4424414691958276
(86,85) -0.2179481658889651
(86,88) -0.3008419017423241
(86,89) -0.2296311558221619
(86,90) -0.3003418721109403
(86,91) -0.4551245183917966
(86,94) -0.3650047708474455
(87,87) 2.677436362159796
(87,83) -0.2527743958117744
(87,84) -0.2946312980661911
(87,88) -0.4166029814348459
(87,96) -0.2645055509462272
(87,97) -0.3688439281998612
(87,257) -0.2946312980661923
(87,258) -0.416602981434843
(87,263) -0.3688439281998606
(88,88) 2.683315319868572
(88,83) -0.3768410074712207
(88,84) -0.2419970788628411
(88,86) -0.3008419017423241
(88,87) -0.4166029814348459
(88,89) -0.4291867626785111
(88,96) -0.3012308136778469
(88,97) -0.2538030362354632
(88,98) -0.3628117377655188
(89,89) 2.684408544636996
(89,84) -0.3707884187375727
(89,86) -0.2296311558221619
(89,88) -0.4291867626785111
(89,91) -0.3069987110675052
(89,94) -0.4418772743875274
(89,97) -0.3074373328716268
(89,98) -0.2414444239229372
(89,102) -0.3570444651491541
(90,90) 2.941915871856768
(90,85) -0.134713095632683
(90,86) -0.3003418721109403
(90,91) -0.205680009821355
(90,92) -0.1582493647549507
(90,93) -0.3677460621998519
(90,2308) -0.2844915553247682
(90,2309) -0.9321572907953662
(90,2310) -0.558536621216852
(91,91) 2.692304078933853
(91,85) -0.3732884780003421
(91,86) -0.4551245183917966
(91,89) -0.3069987110675052
(91,90) -0.205680009821355
(91,92) -0.3064504338123549
(91,93) -0.4679117030366927
(91,94) -0.2173706399559541
(91,95) -0.3594795848478526
(92,92) 2.957330344528819
(92,90) -0.1582493647549507
(92,91) -0.3064504338123549
(92,93) -0.1935147053981028
(92,106) -0.1986850413953134
(92,107) -0.3624558422573704
(92,2309) -0.2272698040500514
(92,2310) -0.8962878506222611
(92,2317) -0.6144173022384141
(93,93) 2.694998207710901
(93,90) -0.3677460621998519
(93,91) -0.4679117030366927
(93,92) -0.1935147053981028
(93,94) -0.313103822294688
(93,95) -0.2052114520346084
(93,106) -0.3125085507327873
(93,107) -0.4807989927970051
(93,110) -0.3542029192171652
(94,94) 2.686339347071501
(94,86) -0.3650047708474455
(94,89) -0.4418772743875274
(94,91) -0.2173706399559541
(94,93) -0.313103822294688
(94,95) -0.4546703857916613
(94,98) -0.3135908626635182
(94,102) -0.2291896706224281
(94,103) -0.3515319205082784
(95,95) 2.68907550301514
(95,91) -0.3594795848478526
(95,93) -0.2052114520346084
(95,94) -0.4546703857916613
(95,102) -0.3196934414552624
(95,103) -0.2170348081913375
(95,107) -0.3191592241521009
(95,110) -0.4675621765547162
(95,115) -0.3462644299876008
(96,96) 2.672608875378603
(96,87) -0.2645055509462272
(96,88) -0.3012308136778469
(96,97) -0.4034697413777295
(96,99) -0.2763682884130736
(96,100) -0.3611669629540758
(96,258) -0.3012308136778474
(96,263) -0.4034697413777275
(96,264) -0.361166962954075
(97,97) 2.678267573517219
(97,87) -0.3688439281998612
(97,88) -0.2538030362354632
(97,89) -0.3074373328716268
(97,96) -0.4034697413777295
(97,98) -0.4160606951474946
(97,99) -0.3077662992247163
(97,100) -0.2657360572990494
(97,101) -0.355150483161278
(98,98) 2.679412258559983
(98,88) -0.3628117377655188
(98,89) -0.2414444239229372
(98,94) -0.3135908626635182
(98,97) -0.4160606951474946
(98,100) -0.3139696718392746
(98,101) -0.2533829280519992
(98,102) -0.4287568176280709
(98,104) -0.3493951215411693
(99,99) 2.668777511209265
(99,96) -0.2763682884130736
(99,97) -0.3077662992247163
(99,100) -0.3904619653165932
(99,121) -0.2883574159451253
(99,122) -0.353797638884224
(99,263) -0.3077662992247169
(99,264) -0.3904619653165914
(99,289) -0.3537976388842242
(100,100) 2.674216942176344
(100,96) -0.3611669629540758
(100,97) -0.2657360572990494
(100,98) -0.3139696718392746
(100,99) -0.3904619653165932
(100,101) -0.4030582883062326
(100,121) -0.3142402498219573
(100,122) -0.2777912243233246
(100,123) -0.3477925223158363
(101,101) 2.675398977935928
(101,97) -0.355150483161278
(101,98) -0.2533829280519992
(101,100) -0.4030582883062326
(101,102) -0.3201208152977911
(101,104) -0.4157583039503763
(101,122) -0.3204413456796886
(101,123) -0.265441882932349
(101,127) -0.342044930556213
(102,102) 2.681382457658082
(102,89) -0.3570444651491541
(102,94) -0.2291896706224281
(102,95) -0.3196934414552624
(102,98) -0.4287568176280709
(102,101) -0.3201208152977911
(102,103) -0.4415540903193171
(102,104) -0.2411321956286129
(102,105) -0.3438909615574459
(103,103) 2.684146813091303
(103,94) -0.3515319205082784
(103,95) -0.2170348081913375
(103,102) -0.4415540903193171
(103,104) -0.3262217133141036
(103,105) -0.2289799969370995
(103,110) -0.3257470044154821
(103,115) -0.4544486968623227
(103,117) -0.3386285825433625
(104,104) 2.677395127125933
(104,98) -0.3493951215411693
(104,101) -0.4157583039503763
(104,102) -0.2411321956286129
(104,103) -0.3262217133141036
(104,105) -0.428558099963299
(104,123) -0.326590931346366
(104,127) -0.2531935555770163
(104,128) -0.3365452058049895
(105,105) 2.680174851911427
(105,102) -0.3438909615574459
(105,103) -0.2289799969370995
(105,104) -0.428558099963299
(105,115) -0.332274250394985
(105,117) -0.4414539584144221
(105,127) -0.332690938764172
(105,128) -0.2410424786498503
(105,141) -0.331284167230153
(106,106) 2.968621231924075
(106,92) -0.1986850413953134
(106,93) -0.3125085507327873
(106,107) -0.1814482722885387
(106,108) -0.2502112702727194
(106,109) -0.3574081176678296
(106,2310) -0.1767818247862872
(106,2317) -0.818434354147248
(106,2318) -0.6731438006333513
(107,107) 2.698478114007096
(107,92) -0.3624558422573704
(107,93) -0.4807989927970051
(107,95) -0.3191592241521009
(107,106) -0.1814482722885387
(107,108) -0.3185181633883075
(107,109) -0.4937825626565734
(107,110) -0.1931497206205212
(107,111) -0.3491653358466786
(108,108) 2.99301924843414
(108,106) -0.2502112702727194
(108,107) -0.3185181633883075
(108,109) -0.1694769329161603
(108,112) -0.3052077713012046
(108,113) -0.3525936791346803
(108,2317) -0.1277705233205466
(108,2318) -0.7385548947309997
(108,2319) -0.7306860133695222
(109,109) 2.70271394949607
(109,106) -0.3574081176678296
(109,107) -0.4937825626565734
(109,108) -0.1694769329161603
(109,110) -0.3251668046505004
(109,111) -0.1811817690044335
(109,112) -0.3244811140191576
(109,113) -0.5068587800075306
(109,114) -0.3443578685738842
(110,110) 2.692586420548014
(110,93) -0.3542029192171652
(110,95) -0.4675621765547162
(110,103) -0.3257470044154821
(110,107) -0.1931497206205212
(110,109) -0.3251668046505004
(110,111) -0.4805489235437308
(110,115) -0.204976068079572
(110,116) -0.3412328034663268
(111,111) 2.696843037924034
(111,107) -0.3491653358466786
(111,109) -0.1811817690044335
(111,110) -0.4805489235437308
(111,113) -0.3311283573797246
(111,114) -0.493627088583983
(111,115) -0.331753389933503
(111,116) -0.1930098689371267
(111,119) -0.336428304694854
(112,112) 3.030082854557859
(112,0) -0.3632824482660275
(112,2) -0.3480037778660343
(112,108) -0.3052077713012046
(112,109) -0.3244811140191576
(112,113) -0.1575970997116833
(112,2255) -0.7871830306530135
(112,2318) -0.08633742390599469
(112,2319) -0.6579901888347436
(113,113) 2.70767735883223
(113,0) -0.3303991527336498
(113,2) -0.5200241927030272
(113,6) -0.3397719940469093
(113,108) -0.3525936791346803
(113,109) -0.5068587800075306
(113,111) -0.3311283573797246
(113,112) -0.1575970997116833
(113,114) -0.1693041031150247
(114,114) 2.701817729072086
(114,2) -0.3370455873386857
(114,6) -0.5067933071151012
(114,15) -0.3318426236168566
(114,109) -0.3443578685738842
(114,111) -0.493627088583983
(114,113) -0.1693041031150247
(114,116) -0.3377143455949598
(114,119) -0.1811328051335907
(115,115) 2.687675535617101
(115,95) -0.3462644299876008
(115,103) -0.4544486968623227
(115,105) -0.332274250394985
(115,110) -0.204976068079572
(115,111) -0.331753389933503
(115,116) -0.4674370104877817
(115,117) -0.2169226607820668
(115,118) -0.3335990290892691
(116,116) 2.691940307606302
(116,110) -0.3412328034663268
(116,111) -0.1930098689371267
(116,114) -0.3377143455949598
(116,115) -0.4674370104877817
(116,117) -0.3382802179656532
(116,118) -0.2049566960960236
(116,119) -0.480515582388066
(116,120) -0.3287937826703637
(117,117) 2.68370912305148
(117,103) -0.3386285825433625
(117,105) -0.4414539584144221
(117,115) -0.2169226607820668
(117,116) -0.3382802179656532
(117,118) -0.4544423438080851
(117,128) -0.3387432044507671
(117,141) -0.2289850732055043
(117,142) -0.3262530818816196
(118,118) 2.687970327870435
(118,115) -0.3335990290892691
(118,116) -0.2049566960960236
(118,117) -0.4544423438080851
(118,119) -0.3442413200469318
(118,120) -0.4675198920299846
(118,141) -0.3447494753193527
(118,142) -0.217017933773082
(118,145) -0.321443637707707
(119,119) 2.696914193270268
(119,6) -0.343631533720027
(119,15) -0.4936811309346901
(119,18) -0.3242047353257027
(119,111) -0.336428304694854
(119,114) -0.1811328051335907
(119,116) -0.480515582388066
(119,118) -0.3442413200469318
(119,120) -0.1930787810264056
(120,120) 2.69293218488538
(120,15) -0.3501591785218874
(120,18) -0.4806834000875984
(120,45) -0.3168479184992208
(120,116) -0.3287937826703637
(120,118) -0.4675198920299846
(120,119) -0.1930787810264056
(120,142) -0.3507114140778734
(120,145) -0.2051378179720461
(121,121) 2.665903767791144
(121,99) -0.2883574159451253
(121,100) -0.3142402498219573
(121,122) -0.3775747978261477
(121,124) -0.300468010885248
(121,125) -0.3467241228322813
(121,264) -0.3142402498219571
(121,289) -0.3775747978261465
(121,290) -0.346724122832281
(122,122) 2.671125063848674
(122,99) -0.353797638884224
(122,100) -0.2777912243233246
(122,101) -0.3204413456796886
(122,121) -0.3775747978261477
(122,123) -0.3901748174478926
(122,124) -0.3206550326009533
(122,125) -0.2899638701025387
(122,126) -0.3407263369839045
(123,123) 2.672331362651905
(123,100) -0.3477925223158363
(123,101) -0.265441882932349
(123,104) -0.326590931346366
(123,122) -0.3901748174478926
(123,125) -0.3268546585122671
(123,126) -0.2776167439993203
(123,127) -0.4028771328466615
(123,129) -0.3349826732512121
(124,124) 2.66395110230472
(124,121) -0.300468010885248
(124,122) -0.3206550326009533
(124,125) -0.3648036308118675
(124,131) -0.312695402912795
(124,132) -0.3399351808405193
(124,289) -0.3206550326009535
(124,290) -0.3648036308118644
(124,295) -0.339935180840519
(125,125) 2.66895551966922
(125,121) -0.3467241228322813
(125,122) -0.2899638701025387
(125,123) -0.3268546585122671
(125,124) -0.3648036308118675
(125,126) -0.3774057955124214
(125,131) -0.3270128948118078
(125,132) -0.3022495622040112
(125,133) -0.3339409848820251
(126,126) 2.670173940303862
(126,122) -0.3407263369839045
(126,123) -0.2776167439993203
(126,125) -0.3774057955124214
(126,127) -0.3330034550410599
(126,129) -0.3901089323362268
(126,132) -0.3332117992256541
(126,133) -0.2899031924539429
(126,137) -0.3281976847513324
(127,127) 2.674340986807013
(127,101) -0.342044930556213
(127,104) -0.2531935555770163
(127,105) -0.332690938764172
(127,123) -0.4028771328466615
(127,126) -0.3330034550410599
(127,128) -0.4156779323639067
(127,129) -0.2653693225404757
(127,130) -0.3294837191175081
(128,128) 2.677124175407624
(128,104) -0.3365452058049895
(128,105) -0.2410424786498503
(128,117) -0.3387432044507671
(128,127) -0.4156779323639067
(128,129) -0.3391033050502991
(128,130) -0.2532179364620337
(128,141) -0.4285735913751528
(128,143) -0.3242205212506241
(129,129) 2.672185464674732
(129,123) -0.3349826732512121
(129,126) -0.3901089323362268
(129,127) -0.2653693225404757
(129,128) -0.3391033050502991
(129,130) -0.4029093250892729
(129,133) -0.3393605197642513
(129,137) -0.2776552858656168
(129,138) -0.3226961007773776
(130,130) 2.674961069107044
(130,127) -0.3294837191175081
(130,128) -0.2532179364620337
(130,129) -0.4029093250892729
(130,137) -0.345460892700742
(130,138) -0.2655022627640798
(130,141) -0.3451559995372897
(130,143) -0.4158034377182233
(130,147) -0.3174274957178948
(131,131) 2.662884807933548
(131,124) -0.312695402912795
(131,125) -0.3270128948118078
(131,132) -0.3521440879605632
(131,134) -0.3250351580811513
(131,135) -0.3334201406974313
(131,290) -0.327012894811808
(131,295) -0.3521440879605583
(131,296) -0.3334201406974331
(132,132) 2.667673712401971
(132,124) -0.3399351808405193
(132,125) -0.3022495622040112
(132,126) -0.3332117992256541
(132,131) -0.3521440879605632
(132,133) -0.3647469583313951
(132,134) -0.3333159713179514
(132,135) -0.3146440883902508
(132,136) -0.3274260641316257
(133,133) 2.668892990852803
(133,125) -0.3339409848820251
(133,126) -0.2899031924539429
(133,129) -0.3393605197642513
(133,132) -0.3647469583313951
(133,135) -0.339514848592624
(133,136) -0.3022971214162461
(133,137) -0.3774495449504399
(133,139) -0.3216798204618793
(134,134) 1.333368057364099
(134,131) -0.3250351580811513
(134,132) -0.3333159713179514
(134,135) -0.1708504783235233
(134,295) -0.3333159713179497
(134,296) -0.1708504783235234
(135,135) 1.335606248751857
(135,131) -0.3334201406974313
(135,132) -0.3146440883902508
(135,133) -0.339514848592624
(135,134) -0.1708504783235233
(135,136) -0.1771766927480278
(136,136) 1.336115294817971
(136,132) -0.3274260641316257
(136,133) -0.3022971214162461
(136,135) -0.1771766927480278
(136,137) -0.3456641548097114
(136,139) -0.1835512617123599
(137,137) 2.670895675743484
(137,126) -0.3281976847513324
(137,129) -0.2776552858656168
(137,130) -0.345460892700742
(137,133) -0.3774495449504399
(137,136) -0.3456641548097114
(137,138) -0.3902482223111609
(137,139) -0.2900474390084012
(137,140) -0.3161724513460792
(138,138) 2.673653443893897
(138,129) -0.3226961007773776
(138,130) -0.2655022627640798
(138,137) -0.3902482223111609
(138,139) -0.3517656819574824
(138,140) -0.2778915466773726
(138,143) -0.3515146657956715
(138,147) -0.4031395385480802
(138,149) -0.3108954250626723
(139,139) 1.337016661929116
(139,133) -0.3216798204618793
(139,136) -0.1835512617123599
(139,137) -0.2900474390084012
(139,138) -0.3517656819574824
(139,140) -0.1899724587889932
(140,140) 1.338296232249053
(140,137) -0.3161724513460792
(140,138) -0.2778915466773726
(140,139) -0.1899724587889932
(140,147) -0.3578211366750133
(140,149) -0.1964386387615947
(141,141) 2.680652619816028
(141,105) -0.331284167230153
(141,117) -0.2289850732055043
(141,118) -0.3447494753193527
(141,128) -0.4285735913751528
(141,130) -0.3451559995372897
(141,142) -0.4415606609578301
(141,143) -0.2411590943523074
(141,144) -0.3191845578384382
(142,142) 2.684899376138929
(142,117) -0.3262530818816196
(142,118) -0.217017933773082
(142,120) -0.3507114140778734
(142,141) -0.4415606609578301
(142,143) -0.3511632431691341
(142,144) -0.2291894720057303
(142,145) -0.4546358573730002
(142,146) -0.3143677129006591
(143,143) 2.678473129141768
(143,128) -0.3242205212506241
(143,130) -0.4158034377182233
(143,138) -0.3515146657956715
(143,141) -0.2411590943523074
(143,142) -0.3511632431691341
(143,144) -0.4287879035264925
(143,147) -0.2534407149075057
(143,148) -0.3123835484218092
(144,144) 2.682695336213592
(144,141) -0.3191845578384382
(144,142) -0.2291894720057303
(144,143) -0.4287879035264925
(144,145) -0.3571266594226864
(144,146) -0.4418595151557683
(144,147) -0.3575235035668733
(144,148) -0.2414673953466317
(144,151) -0.3075563293509708
(145,145) 2.689838783958124
(145,18) -0.3566306042424534
(145,45) -0.4677960522937685
(145,48) -0.3097622524141143
(145,118) -0.321443637707707
(145,120) -0.2051378179720461
(145,142) -0.4546358573730002
(145,144) -0.3571266594226864
(145,146) -0.2173059025323484
(146,146) 2.687602620213373
(146,45) -0.3630477953615706
(146,48) -0.4550152152703505
(146,55) -0.3029382778098638
(146,142) -0.3143677129006591
(146,144) -0.4418595151557683
(146,145) -0.2173059025323484
(146,148) -0.3634889921872597
(146,151) -0.2295792089955523
(147,147) 2.677139321301175
(147,130) -0.3174274957178948
(147,138) -0.4031395385480802
(147,140) -0.3578211366750133
(147,143) -0.2534407149075057
(147,144) -0.3575235035668733
(147,148) -0.4161202051648454
(147,149) -0.2658261153079938
(147,150) -0.3058406114129693
(148,148) 2.681327603743493
(148,143) -0.3123835484218092
(148,144) -0.2414673953466317
(148,146) -0.3634889921872597
(148,147) -0.4161202051648454
(148,149) -0.3638321452739077
(148,150) -0.2538479714914441
(148,151) -0.4291870874829556
(148,152) -0.3010002583746395
(149,149) 1.339940557311954
(149,138) -0.3108954250626723
(149,140) -0.1964386387615947
(149,147) -0.2658261153079938
(149,148) -0.3638321452739077
(149,150) -0.2029482329057852
(150,150) 1.341936818814962
(150,147) -0.3058406114129693
(150,148) -0.2538479714914441
(150,149) -0.2029482329057852
(150,151) -0.3698002584095799
(150,152) -0.2094997445951834
(151,151) 2.686193782925843
(151,48) -0.3694126440408043
(151,55) -0.4423371957527211
(151,58) -0.2963669703654876
(151,144) -0.3075563293509708
(151,146) -0.2295792089955523
(151,148) -0.4291870874829556
(151,150) -0.3698002584095799
(151,152) -0.2419540885277708
(152,152) 1.344272792134724
(152,55) -0.3757269554302832
(152,58) -0.216091745206847
(152,148) -0.3010002583746395
(152,150) -0.2094997445951834
(152,151) -0.2419540885277708
(153,153) 2.928146884512117
(153,154) -0.2411803035989838
(153,155) -0.1058063751926045
(153,156) -0.3851713571292691
(153,712) -0.1058063751926074
(153,713) -0.3851713571292694
(153,2215) -0.9788228374801968
(153,2216) -0.3630941393945928
(153,2695) -0.3630941393945938
(154,154) 2.683300565521739
(154,153) -0.2411803035989838
(154,155) -0.2879651205221232
(154,156) -0.429866805062146
(154,157) -0.2527743958117749
(154,158) -0.3768410074712208
(154,712) -0.2879651205221231
(154,713) -0.4298668050621473
(154,714) -0.3768410074712201
(155,155) 2.92728987900982
(155,153) -0.1058063751926045
(155,154) -0.2879651205221232
(155,156) -0.2303233704727535
(155,159) -0.1171806806291729
(155,160) -0.3790933145661637
(155,2215) -0.4115362511575846
(155,2216) -0.9692015289144449
(155,2217) -0.4261832375549728
(156,156) 2.689400617720996
(156,153) -0.3851713571292691
(156,154) -0.429866805062146
(156,155) -0.2303233704727535
(156,157) -0.2946312980661909
(156,158) -0.2419970788628415
(156,159) -0.2941808201943956
(156,160) -0.4424414691958271
(156,161) -0.3707884187375723
(157,157) 2.677436362159795
(157,154) -0.2527743958117749
(157,156) -0.2946312980661909
(157,158) -0.4166029814348443
(157,162) -0.2645055509462284
(157,163) -0.3688439281998611
(157,713) -0.2946312980661916
(157,714) -0.4166029814348435
(157,715) -0.3688439281998604
(158,158) 2.683315319868573
(158,154) -0.3768410074712208
(158,156) -0.2419970788628415
(158,157) -0.4166029814348443
(158,160) -0.3008419017423245
(158,161) -0.4291867626785114
(158,162) -0.301230813677847
(158,163) -0.2538030362354637
(158,166) -0.3628117377655194
(159,159) 2.928224103873347
(159,155) -0.1171806806291729
(159,156) -0.2941808201943956
(159,160) -0.2179481658889651
(159,168) -0.134713095632684
(159,169) -0.3732884780003433
(159,2216) -0.345877546243275
(159,2217) -0.9536870183076888
(159,2222) -0.4913482989768221
(160,160) 2.690427168565624
(160,155) -0.3790933145661637
(160,156) -0.4424414691958271
(160,158) -0.3008419017423245
(160,159) -0.2179481658889651
(160,161) -0.2296311558221622
(160,168) -0.3003418721109392
(160,169) -0.4551245183917966
(160,170) -0.3650047708474459
(161,161) 2.684408544636996
(161,156) -0.3707884187375723
(161,158) -0.4291867626785114
(161,160) -0.2296311558221622
(161,163) -0.3074373328716263
(161,166) -0.2414444239229365
(161,169) -0.3069987110675049
(161,170) -0.441877274387528
(161,174) -0.3570444651491543
(162,162) 2.672608875378602
(162,157) -0.2645055509462284
(162,158) -0.301230813677847
(162,163) -0.4034697413777278
(162,164) -0.2763682884130741
(162,165) -0.3611669629540755
(162,714) -0.3012308136778475
(162,715) -0.4034697413777271
(162,716) -0.3611669629540754
(163,163) 2.678267573517219
(163,157) -0.3688439281998611
(163,158) -0.2538030362354637
(163,161) -0.3074373328716263
(163,162) -0.4034697413777278
(163,164) -0.3077662992247165
(163,165) -0.2657360572990499
(163,166) -0.4160606951474951
(163,167) -0.3551504831612781
(164,164) 2.668777511209265
(164,162) -0.2763682884130741
(164,163) -0.3077662992247165
(164,165) -0.3904619653165924
(164,178) -0.2883574159451257
(164,179) -0.3537976388842241
(164,715) -0.3077662992247166
